-4.00000000000000 2684686825926.66
-3.99000000000000 2674544255627.05
-3.98000000000000 2664402353591.61
-3.97000000000000 2654261124790.48
-3.96000000000000 2644120574245.88
-3.95000000000000 2633980707034.41
-3.94000000000000 2623841528288.21
-3.93000000000000 2613703043194.24
-3.92000000000000 2603565256997.18
-3.91000000000000 2593428174997.92
-3.90000000000000 2583291802556.34
-3.89000000000000 2573156145090.90
-3.88000000000000 2563021208080.05
-3.87000000000000 2552886997063.12
-3.86000000000000 2542753517640.92
-3.85000000000000 2532620775476.91
-3.84000000000000 2522488776297.93
-3.83000000000000 2512357525895.49
-3.82000000000000 2502227030126.04
-3.81000000000000 2492097294912.83
-3.80000000000000 2481968326246.42
-3.79000000000000 2471840130185.20
-3.78000000000000 2461712712857.68
-3.77000000000000 2451586080462.44
-3.76000000000000 2441460239269.34
-3.75000000000000 2431335195621.65
-3.74000000000000 2421210955935.49
-3.73000000000000 2411087526702.00
-3.72000000000000 2400964914489.07
-3.71000000000000 2390843125941.00
-3.70000000000000 2380722167780.65
-3.69000000000000 2370602046810.84
-3.68000000000000 2360482769914.91
-3.67000000000000 2350364344058.51
-3.66000000000000 2340246776290.85
-3.65000000000000 2330130073745.63
-3.64000000000000 2320014243643.06
-3.63000000000000 2309899293290.28
-3.62000000000000 2299785230083.86
-3.61000000000000 2289672061510.86
-3.60000000000000 2279559795149.52
-3.59000000000000 2269448438672.05
-3.58000000000000 2259337999845.11
-3.57000000000000 2249228486531.82
-3.56000000000000 2239119906693.35
-3.55000000000000 2229012268390.40
-3.54000000000000 2218905579785.22
-3.53000000000000 2208799849142.66
-3.52000000000000 2198695084832.39
-3.51000000000000 2188591295330.79
-3.50000000000000 2178488489221.90
-3.49000000000000 2168386675200.20
-3.48000000000000 2158285862072.52
-3.47000000000000 2148186058758.72
-3.46000000000000 2138087274295.14
-3.45000000000000 2127989517835.73
-3.44000000000000 2117892798654.39
-3.43000000000000 2107797126146.94
-3.42000000000000 2097702509833.60
-3.41000000000000 2087608959360.34
-3.40000000000000 2077516484501.88
-3.39000000000000 2067425095164.12
-3.38000000000000 2057334801385.72
-3.37000000000000 2047245613340.61
-3.36000000000000 2037157541341.39
-3.35000000000000 2027070595840.56
-3.34000000000000 2016984787433.89
-3.33000000000000 2006900126862.67
-3.32000000000000 1996816625016.30
-3.31000000000000 1986734292935.29
-3.30000000000000 1976653141814.12
-3.29000000000000 1966573183003.95
-3.28000000000000 1956494428015.07
-3.27000000000000 1946416888520.97
-3.26000000000000 1936340576360.22
-3.25000000000000 1926265503540.27
-3.24000000000000 1916191682240.94
-3.23000000000000 1906119124817.02
-3.22000000000000 1896047843801.48
-3.21000000000000 1885977851910.72
-3.20000000000000 1875909162045.17
-3.19000000000000 1865841787295.51
-3.18000000000000 1855775740944.72
-3.17000000000000 1845711036473.30
-3.16000000000000 1835647687561.74
-3.15000000000000 1825585708095.21
-3.14000000000000 1815525112167.96
-3.13000000000000 1805465914086.90
-3.12000000000000 1795408128375.77
-3.11000000000000 1785351769780.74
-3.10000000000000 1775296853273.52
-3.09000000000000 1765243394056.55
-3.08000000000000 1755191407568.29
-3.07000000000000 1745140909486.90
-3.06000000000000 1735091915736.51
-3.05000000000000 1725044442491.71
-3.04000000000000 1714998506182.68
-3.03000000000000 1704954123500.88
-3.02000000000000 1694911311404.66
-3.01000000000000 1684870087125.02
-3.00000000000000 1674830468170.99
-2.99000000000000 1664792472335.97
-2.98000000000000 1654756117704.22
-2.97000000000000 1644721422656.81
-2.96000000000000 1634688405878.21
-2.95000000000000 1624657086362.81
-2.94000000000000 1614627483422.41
-2.93000000000000 1604599616692.76
-2.92000000000000 1594573506140.82
-2.91000000000000 1584549172073.01
-2.90000000000000 1574526635141.95
-2.89000000000000 1564505916354.71
-2.88000000000000 1554487037081.49
-2.87000000000000 1544470019063.29
-2.86000000000000 1534454884420.71
-2.85000000000000 1524441655663.40
-2.84000000000000 1514430355698.33
-2.83000000000000 1504421007840.24
-2.82000000000000 1494413635819.90
-2.81000000000000 1484408263795.93
-2.80000000000000 1474404916363.67
-2.79000000000000 1464403618566.60
-2.78000000000000 1454404395906.32
-2.77000000000000 1444407274355.16
-2.76000000000000 1434412280366.76
-2.75000000000000 1424419440888.50
-2.74000000000000 1414428783373.68
-2.73000000000000 1404440335794.65
-2.72000000000000 1394454126655.46
-2.71000000000000 1384470185005.61
-2.70000000000000 1374488540454.01
-2.69000000000000 1364509223184.05
-2.68000000000000 1354532263967.77
-2.67000000000000 1344557694181.52
-2.66000000000000 1334585545822.00
-2.65000000000000 1324615851522.52
-2.64000000000000 1314648644570.76
-2.63000000000000 1304683958925.05
-2.62000000000000 1294721829234.09
-2.61000000000000 1284762290854.12
-2.60000000000000 1274805379870.57
-2.59000000000000 1264851133115.40
-2.58000000000000 1254899588190.34
-2.57000000000000 1244950783487.16
-2.56000000000000 1235004758211.31
-2.55000000000000 1225061552402.62
-2.54000000000000 1215121206962.34
-2.53000000000000 1205183763675.58
-2.52000000000000 1195249265238.14
-2.51000000000000 1185317755282.70
-2.50000000000000 1175389278407.46
-2.49000000000000 1165463880203.48
-2.48000000000000 1155541607285.55
-2.47000000000000 1145622507322.09
-2.46000000000000 1135706629068.55
-2.45000000000000 1125794022399.86
-2.44000000000000 1115884738344.63
-2.43000000000000 1105978829122.30
-2.42000000000000 1096076348179.48
-2.41000000000000 1086177350229.50
-2.40000000000000 1076281891292.44
-2.39000000000000 1066390028737.07
-2.38000000000000 1056501821325.06
-2.37000000000000 1046617329256.09
-2.36000000000000 1036736614215.38
-2.35000000000000 1026859739423.52
-2.34000000000000 1016986769686.97
-2.33000000000000 1007117771452.76
-2.32000000000000 997252812864.042
-2.31000000000000 987391963818.204
-2.30000000000000 977535296027.625
-2.29000000000000 967682883084.585
-2.28000000000000 957834800525.470
-2.27000000000000 947991125902.440
-2.26000000000000 938151938853.665
-2.25000000000000 928317321181.540
-2.24000000000000 918487356929.309
-2.23000000000000 908662132466.267
-2.22000000000000 898841736573.604
-2.21000000000000 889026260534.744
-2.20000000000000 879215798231.547
-2.19000000000000 869410446244.355
-2.18000000000000 859610303955.390
-2.17000000000000 849815473659.855
-2.16000000000000 840026060680.819
-2.15000000000000 830242173489.920
-2.14000000000000 820463923835.195
-2.13000000000000 810691426874.752
-2.12000000000000 800924801316.963
-2.11000000000000 791164169568.440
-2.10000000000000 781409657891.010
-2.09000000000000 771661396564.061
-2.08000000000000 761919520058.887
-2.07000000000000 752184167220.771
-2.06000000000000 742455481461.479
-2.05000000000000 732733610962.174
-2.04000000000000 723018708888.982
-2.03000000000000 713310933619.319
-2.02000000000000 703610448982.238
-2.01000000000000 693917424512.358
-2.00000000000000 684232035719.774
-1.99000000000000 674554464375.051
-1.98000000000000 664884898811.307
-1.97000000000000 655223534246.742
-1.96000000000000 645570573124.368
-1.95000000000000 635926225476.241
-1.94000000000000 626290709307.793
-1.93000000000000 616664251010.440
-1.92000000000000 607047085797.355
-1.91000000000000 597439458171.655
-1.90000000000000 587841622424.161
-1.89000000000000 578253843164.824
-1.88000000000000 568676395893.161
-1.87000000000000 559109567605.455
-1.86000000000000 549553657448.294
-1.85000000000000 540008977416.926
-1.84000000000000 530475853105.971
-1.83000000000000 520954624516.436
-1.82000000000000 511445646921.398
-1.81000000000000 501949291800.776
-1.80000000000000 492465947847.257
-1.79000000000000 482996022052.330
-1.78000000000000 473539940878.367
-1.77000000000000 464098151529.220
-1.76000000000000 454671123323.317
-1.75000000000000 445259349183.398
-1.74000000000000 435863347255.818
-1.73000000000000 426483662669.105
-1.72000000000000 417120869449.662
-1.71000000000000 407775572611.189
-1.70000000000000 398448410434.998
-1.69000000000000 389140056965.660
-1.68000000000000 379851224744.319
-1.67000000000000 370582667807.098
-1.66000000000000 361335184981.878
-1.65000000000000 352109623517.962
-1.64000000000000 342906883088.606
-1.63000000000000 333727920216.398
-1.62000000000000 324573753170.092
-1.61000000000000 315445467400.055
-1.60000000000000 306344221577.710
-1.59000000000000 297271254326.161
-1.58000000000000 288227891732.161
-1.57000000000000 279215555751.836
-1.56000000000000 270235773637.407
-1.55000000000000 261290188534.488
-1.54000000000000 252380571420.752
-1.53000000000000 243508834595.803
-1.52000000000000 234677046954.743
-1.51000000000000 225887451332.318
-1.50000000000000 217142484246.606
-1.49000000000000 208444798435.862
-1.48000000000000 199797288652.190
-1.47000000000000 191203121262.767
-1.46000000000000 182665768310.877
-1.45000000000000 174189046812.018
-1.44000000000000 165777164203.642
-1.43000000000000 157434771036.958
-1.42000000000000 149167022197.330
-1.41000000000000 140979648162.091
-1.40000000000000 132879038054.478
-1.39000000000000 124872336521.312
-1.38000000000000 116967556711.538
-1.37000000000000 109173711853.590
-1.36000000000000 101500968008.251
-1.35000000000000 93960820411.5354
-1.34000000000000 86566295172.1107
-1.33000000000000 79332176590.1844
-1.32000000000000 72275257431.6213
-1.31000000000000 65414604188.6845
-1.30000000000000 58771820344.4371
-1.29000000000000 52371276035.2318
-1.28000000000000 46240250007.0498
-1.27000000000000 40408897342.1123
-1.26000000000000 34909914082.3162
-1.25000000000000 29777723474.9639
-1.24000000000000 25046976398.5678
-1.23000000000000 20750178778.5207
-1.22000000000000 16914389909.6548
-1.21000000000000 13557231806.0926
-1.20000000000000 10682894616.6113
-1.19000000000000 8279244189.40548
-1.18000000000000 6317208313.84454
-1.17000000000000 4753071987.88929
-1.16000000000000 3533278309.47678
-1.15000000000000 2600390916.81954
-1.14000000000000 1898610767.12303
-1.13000000000000 1377724120.58705
-1.12000000000000 995154933.480383
-1.11000000000000 716419619.766755
-1.10000000000000 514542166.627195
-1.09000000000000 368959716.568331
-1.08000000000000 264294332.399079
-1.07000000000000 189204250.810441
-1.06000000000000 135407737.274977
-1.05000000000000 96900403.2580097
-1.04000000000000 69350767.9217328
-1.03000000000000 49645052.2182249
-1.02000000000000 35550182.7092690
-1.01000000000000 25467233.4946579
-1.00000000000000 18252501.3349833
