-4.00000000000000 2670573550506.06
-3.99000000000000 2660412960216.15
-3.98000000000000 2650252975717.04
-3.97000000000000 2640093601733.34
-3.96000000000000 2629934843043.71
-3.95000000000000 2619776704479.35
-3.94000000000000 2609619190927.64
-3.93000000000000 2599462307330.20
-3.92000000000000 2589306058685.18
-3.91000000000000 2579150450048.36
-3.90000000000000 2568995486532.71
-3.89000000000000 2558841173310.39
-3.88000000000000 2548687515613.40
-3.87000000000000 2538534518734.08
-3.86000000000000 2528382188025.91
-3.85000000000000 2518230528905.71
-3.84000000000000 2508079546852.86
-3.83000000000000 2497929247411.31
-3.82000000000000 2487779636190.37
-3.81000000000000 2477630718865.62
-3.80000000000000 2467482501179.95
-3.79000000000000 2457334988944.85
-3.78000000000000 2447188188040.60
-3.77000000000000 2437042104418.84
-3.76000000000000 2426896744102.17
-3.75000000000000 2416752113186.26
-3.74000000000000 2406608217840.31
-3.73000000000000 2396465064309.21
-3.72000000000000 2386322658913.31
-3.71000000000000 2376181008050.88
-3.70000000000000 2366040118198.90
-3.69000000000000 2355899995913.67
-3.68000000000000 2345760647833.42
-3.67000000000000 2335622080678.96
-3.66000000000000 2325484301254.19
-3.65000000000000 2315347316448.97
-3.64000000000000 2305211133239.70
-3.63000000000000 2295075758690.23
-3.62000000000000 2284941199954.90
-3.61000000000000 2274807464278.18
-3.60000000000000 2264674558997.18
-3.59000000000000 2254542491543.60
-3.58000000000000 2244411269444.15
-3.57000000000000 2234280900322.77
-3.56000000000000 2224151391902.79
-3.55000000000000 2214022752006.97
-3.54000000000000 2203894988561.74
-3.53000000000000 2193768109596.73
-3.52000000000000 2183642123246.87
-3.51000000000000 2173517037755.59
-3.50000000000000 2163392861475.08
-3.49000000000000 2153269602869.17
-3.48000000000000 2143147270514.83
-3.47000000000000 2133025873104.57
-3.46000000000000 2122905419447.57
-3.45000000000000 2112785918473.40
-3.44000000000000 2102667379232.00
-3.43000000000000 2092549810897.16
-3.42000000000000 2082433222769.13
-3.41000000000000 2072317624275.78
-3.40000000000000 2062203024975.61
-3.39000000000000 2052089434559.21
-3.38000000000000 2041976862853.46
-3.37000000000000 2031865319821.97
-3.36000000000000 2021754815569.23
-3.35000000000000 2011645360341.62
-3.34000000000000 2001536964532.08
-3.33000000000000 1991429638680.44
-3.32000000000000 1981323393478.71
-3.31000000000000 1971218239771.18
-3.30000000000000 1961114188559.88
-3.29000000000000 1951011251005.83
-3.28000000000000 1940909438433.36
-3.27000000000000 1930808762331.53
-3.26000000000000 1920709234358.75
-3.25000000000000 1910610866346.11
-3.24000000000000 1900513670299.46
-3.23000000000000 1890417658403.93
-3.22000000000000 1880322843027.14
-3.21000000000000 1870229236722.47
-3.20000000000000 1860136852233.52
-3.19000000000000 1850045702496.51
-3.18000000000000 1839955800645.93
-3.17000000000000 1829867160016.79
-3.16000000000000 1819779794150.06
-3.15000000000000 1809693716795.85
-3.14000000000000 1799608941918.22
-3.13000000000000 1789525483698.97
-3.12000000000000 1779443356543.38
-3.11000000000000 1769362575083.24
-3.10000000000000 1759283154182.41
-3.09000000000000 1749205108941.76
-3.08000000000000 1739128454703.96
-3.07000000000000 1729053207058.53
-3.06000000000000 1718979381846.73
-3.05000000000000 1708906995167.98
-3.04000000000000 1698836063384.19
-3.03000000000000 1688766603126.08
-3.02000000000000 1678698631299.33
-3.01000000000000 1668632165089.49
-3.00000000000000 1658567221968.84
-2.99000000000000 1648503819703.05
-2.98000000000000 1638441976356.88
-2.97000000000000 1628381710300.89
-2.96000000000000 1618323040219.68
-2.95000000000000 1608265985116.33
-2.94000000000000 1598210564322.48
-2.93000000000000 1588156797503.94
-2.92000000000000 1578104704668.57
-2.91000000000000 1568054306175.45
-2.90000000000000 1558005622740.66
-2.89000000000000 1547958675448.39
-2.88000000000000 1537913485757.10
-2.87000000000000 1527870075509.85
-2.86000000000000 1517828466943.07
-2.85000000000000 1507788682695.76
-2.84000000000000 1497750745818.95
-2.83000000000000 1487714679785.87
-2.82000000000000 1477680508503.19
-2.81000000000000 1467648256319.46
-2.80000000000000 1457617948037.89
-2.79000000000000 1447589608926.86
-2.78000000000000 1437563264731.59
-2.77000000000000 1427538941685.50
-2.76000000000000 1417516666523.54
-2.75000000000000 1407496466494.32
-2.74000000000000 1397478369373.76
-2.73000000000000 1387462403476.89
-2.72000000000000 1377448597674.48
-2.71000000000000 1367436981405.50
-2.70000000000000 1357427584692.70
-2.69000000000000 1347420438158.13
-2.68000000000000 1337415573038.36
-2.67000000000000 1327413021201.91
-2.66000000000000 1317412815165.37
-2.65000000000000 1307414988111.36
-2.64000000000000 1297419573906.55
-2.63000000000000 1287426607121.59
-2.62000000000000 1277436123047.78
-2.61000000000000 1267448157720.00
-2.60000000000000 1257462747936.33
-2.59000000000000 1247479931279.56
-2.58000000000000 1237499746139.63
-2.57000000000000 1227522231736.77
-2.56000000000000 1217547428145.72
-2.55000000000000 1207575376319.93
-2.54000000000000 1197606118118.02
-2.53000000000000 1187639696329.88
-2.52000000000000 1177676154705.12
-2.51000000000000 1167715537980.07
-2.50000000000000 1157757891910.42
-2.49000000000000 1147803263298.92
-2.48000000000000 1137851700030.45
-2.47000000000000 1127903251103.31
-2.46000000000000 1117957966664.76
-2.45000000000000 1108015898046.90
-2.44000000000000 1098077097804.48
-2.43000000000000 1088141619752.68
-2.42000000000000 1078209519009.66
-2.41000000000000 1068280852036.11
-2.40000000000000 1058355676681.87
-2.39000000000000 1048434052229.60
-2.38000000000000 1038516039443.09
-2.37000000000000 1028601700616.89
-2.36000000000000 1018691099628.17
-2.35000000000000 1008784301990.19
-2.34000000000000 998881374908.674
-2.33000000000000 988982387340.445
-2.32000000000000 979087410055.150
-2.31000000000000 969196515698.330
-2.30000000000000 959309778858.336
-2.29000000000000 949427276137.358
-2.28000000000000 939549086222.606
-2.27000000000000 929675289963.526
-2.26000000000000 919805970451.834
-2.25000000000000 909941213104.590
-2.24000000000000 900081105751.885
-2.23000000000000 890225738728.423
-2.22000000000000 880375204970.084
-2.21000000000000 870529600113.350
-2.20000000000000 860689022602.656
-2.19000000000000 850853573800.312
-2.18000000000000 841023358103.179
-2.17000000000000 831198483064.840
-2.16000000000000 821379059524.403
-2.15000000000000 811565201741.957
-2.14000000000000 801757027539.841
-2.13000000000000 791954658453.712
-2.12000000000000 782158219889.864
-2.11000000000000 772367841290.574
-2.10000000000000 762583656310.962
-2.09000000000000 752805803002.616
-2.08000000000000 743034424009.523
-2.07000000000000 733269666774.119
-2.06000000000000 723511683755.268
-2.05000000000000 713760632658.925
-2.04000000000000 704016676682.149
-2.03000000000000 694279984771.620
-2.02000000000000 684550731896.502
-2.01000000000000 674829099340.688
-2.00000000000000 665115275009.177
-1.99000000000000 655409453756.826
-1.98000000000000 645711837734.854
-1.97000000000000 636022636761.479
-1.96000000000000 626342068715.947
-1.95000000000000 616670359957.441
-1.94000000000000 607007745772.826
-1.93000000000000 597354470852.736
-1.92000000000000 587710789803.094
-1.91000000000000 578076967688.189
-1.90000000000000 568453280614.022
-1.89000000000000 558840016353.099
-1.88000000000000 549237475012.055
-1.87000000000000 539645969750.602
-1.86000000000000 530065827552.464
-1.85000000000000 520497390053.353
-1.84000000000000 510941014434.092
-1.83000000000000 501397074381.600
-1.82000000000000 491865961126.176
-1.81000000000000 482348084560.714
-1.80000000000000 472843874452.687
-1.79000000000000 463353781754.505
-1.78000000000000 453878280025.412
-1.77000000000000 444417866972.904
-1.76000000000000 434973066130.788
-1.75000000000000 425544428683.287
-1.74000000000000 416132535453.867
-1.73000000000000 406737999077.085
-1.72000000000000 397361466371.778
-1.71000000000000 388003620940.556
-1.70000000000000 378665186020.587
-1.69000000000000 369346927614.304
-1.68000000000000 360049657937.656
-1.67000000000000 350774239217.583
-1.66000000000000 341521587890.532
-1.65000000000000 332292679245.349
-1.64000000000000 323088552573.250
-1.63000000000000 313910316887.645
-1.62000000000000 304759157295.135
-1.61000000000000 295636342100.522
-1.60000000000000 286543230754.260
-1.59000000000000 277481282759.011
-1.58000000000000 268452067674.892
-1.57000000000000 259457276387.810
-1.56000000000000 250498733829.557
-1.55000000000000 241578413375.084
-1.54000000000000 232698453179.985
-1.53000000000000 223861174767.862
-1.52000000000000 215069104236.545
-1.51000000000000 206324996516.045
-1.50000000000000 197631863195.473
-1.49000000000000 188993004530.509
-1.48000000000000 180412046360.548
-1.47000000000000 171892982800.883
-1.46000000000000 163440225739.138
-1.45000000000000 155058662357.491
-1.44000000000000 146753722120.278
-1.43000000000000 138531454924.681
-1.42000000000000 130398622382.481
-1.41000000000000 122362804495.143
-1.40000000000000 114432524249.860
-1.39000000000000 106617392868.609
-1.38000000000000 98928278459.9138
-1.37000000000000 91377500505.3479
-1.36000000000000 83979051643.6751
-1.35000000000000 76748846131.1395
-1.34000000000000 69704990372.0882
-1.33000000000000 62868063874.4690
-1.32000000000000 56261387163.1689
-1.31000000000000 49911234348.9167
-1.30000000000000 43846919687.5101
-1.29000000000000 38100648003.8478
-1.28000000000000 32706970438.6368
-1.27000000000000 27701641007.2763
-1.26000000000000 23119654685.6588
-1.25000000000000 18992316376.1928
-1.24000000000000 15343408249.5696
-1.23000000000000 12184923141.6284
-1.22000000000000 9513323242.50711
-1.21000000000000 7307588184.31569
-1.20000000000000 5530077878.08014
-1.19000000000000 4130348643.65559
-1.18000000000000 3050937272.19072
-1.17000000000000 2233462721.95152
-1.16000000000000 1623561985.84802
-1.15000000000000 1173925431.34651
-1.14000000000000 845478958.498782
-1.13000000000000 607211586.776148
-1.12000000000000 435237423.098435
-1.11000000000000 311561778.119610
-1.10000000000000 222845950.337121
-1.09000000000000 159317607.179684
-1.08000000000000 113876978.005748
-1.07000000000000 81396480.6663658
-1.06000000000000 58188247.9864522
-1.05000000000000 41607490.4121291
-1.04000000000000 29761152.7492902
-1.03000000000000 21295972.8161446
-1.02000000000000 15245330.1556739
-1.01000000000000 10919086.8970493
-1.00000000000000 7824602.35087518
