-3.975 141.544
-3.925 142.284
-3.875 143.125
-3.825 143.994
-3.775 144.882
-3.725 145.795
-3.675 146.719
-3.625 147.675
-3.575 148.64
-3.525 149.637
-3.475 150.661
-3.425 151.69
-3.375 152.741
-3.325 153.814
-3.275 154.904
-3.225 156.022
-3.175 157.169
-3.125 158.34
-3.075 159.54
-3.025 160.763
-2.975 162.011
-2.925 163.288
-2.875 164.591
-2.825 165.914
-2.775 167.277
-2.725 168.652
-2.675 170.057
-2.625 171.525
-2.575 173.035
-2.525 174.568
-2.475 176.139
-2.425 177.731
-2.375 179.364
-2.325 181.052
-2.275 182.759
-2.225 184.518
-2.175 186.294
-2.125 188.19
-2.075 190.051
-2.025 191.951
-1.975 193.891
-1.925 195.881
-1.875 197.864
-1.825 199.826
-1.775 201.757
-1.725 203.652
-1.675 205.468
-1.625 207.269
-1.575 208.68
-1.525 209.697
-1.475 210.132
-1.425 209.562
-1.375 207.565
-1.325 204.01
-1.275 196.566
-1.225 186.774
-1.175 181.168
